159 159 190 207 215 201 194 203 187 225 227 222 214 208 211 250 237 230 47  0   47 
156 156 186 208 216 203 195 203 187 226 228 223 214 206 211 250 237 230 47  0   47 
153 153 182 209 217 204 195 203 188 226 228 223 214 204 211 250 237 230 47  0   47 
149 149 177 210 217 204 196 205 190 226 227 223 215 204 211 250 237 230 47  0   47 
147 147 175 211 218 205 197 205 190 226 227 223 214 202 211 250 237 230 47  0   47 
145 145 172 211 218 206 197 205 190 227 227 224 215 202 211 250 237 230 47  0   47 
143 143 170 212 219 206 198 205 191 227 227 225 215 202 211 250 237 230 47  0   47 
141 141 167 213 219 207 198 206 192 228 228 225 215 200 211 250 237 230 47  0   47 
139 139 165 213 219 207 199 206 192 227 227 225 216 199 211 250 237 230 47  0   47 
137 137 162 213 219 207 200 207 194 227 227 225 217 199 211 250 237 230 47  0   47 
135 134 159 214 221 209 199 206 193 228 227 226 217 198 211 250 237 230 47  0   47 
132 131 155 215 222 210 200 206 194 228 227 226 217 195 211 250 237 230 47  0   47 
130 129 153 214 221 209 202 207 195 228 227 227 218 194 211 250 237 230 47  0   47 
127 126 149 215 222 210 203 207 197 229 227 227 218 191 211 250 237 230 47  0   47 
125 124 146 215 221 210 203 208 198 229 225 227 218 189 211 250 237 230 47  0   47 
121 120 141 217 223 213 203 207 197 229 224 228 220 184 212 250 237 230 47  0   47 
106 104 122 220 225 216 209 207 205 230 217 227 205 140 203 240 156 249 47  0   47 
